{
  "advancedEditorSelectedIdentifier" : "ProjectBrowser",
  "openSceneRelativePaths" : [
    "Scene.usda"
  ],
  "recentIdentifiers" : {
    "26DBAE76-5DD8-47B6-A085-1B4ADA111097" : [

    ]
  },
  "sceneCameraHistory" : {
    "26DBAE76-5DD8-47B6-A085-1B4ADA111097" : [
      {
        "date" : 756999244.163434,
        "title" : "Untitled",
        "transform" : [
          0.9913886,
          -2.0870856e-09,
          0.13095327,
          0,
          0.04235531,
          0.94624925,
          -0.32065308,
          0,
          -0.12391438,
          0.32343838,
          0.9381007,
          0,
          0.00014363974,
          0.09645888,
          0.11797154,
          1
        ]
      },
      {
        "date" : 756999229.085939,
        "title" : "Untitled",
        "transform" : [
          0.9913886,
          -2.0870856e-09,
          0.13095327,
          0,
          0.04235531,
          0.94624925,
          -0.32065308,
          0,
          -0.12391438,
          0.32343838,
          0.9381007,
          0,
          0.044765882,
          0.1644887,
          0.10041037,
          1
        ]
      },
      {
        "date" : 756957633.740154,
        "title" : "Untitled",
        "transform" : [
          0.94383806,
          -1.0773302e-09,
          0.33040816,
          0,
          0.17195895,
          0.8538958,
          -0.4912149,
          0,
          -0.2821341,
          0.52044404,
          0.8059393,
          0,
          -0.12810087,
          0.43512976,
          0.29715228,
          1
        ]
      },
      {
        "date" : 756957489.834454,
        "title" : "Untitled",
        "transform" : [
          0.94399357,
          2.6893758e-09,
          0.32996368,
          0,
          0.21923013,
          0.74737114,
          -0.6271957,
          0,
          -0.2466053,
          0.6644068,
          0.70551354,
          0,
          -0.10096828,
          0.47569066,
          0.21990892,
          1
        ]
      },
      {
        "date" : 756957448.636241,
        "title" : "Untitled",
        "transform" : [
          0.9175899,
          4.2036277e-09,
          0.39752817,
          0,
          -0.035014868,
          0.99611324,
          0.08082277,
          0,
          -0.39598307,
          -0.088081524,
          0.9140235,
          0,
          -0.22416766,
          0.15099931,
          0.4602002,
          1
        ]
      },
      {
        "date" : 756957419.502086,
        "title" : "Untitled",
        "transform" : [
          0.9631859,
          -2.302136e-08,
          0.26883623,
          0,
          0.22927222,
          0.52218515,
          -0.8214359,
          0,
          -0.14038227,
          0.85283214,
          0.50296134,
          0,
          -0.046744864,
          0.52515453,
          0.08284801,
          1
        ]
      },
      {
        "date" : 756957361.81433,
        "title" : "Untitled",
        "transform" : [
          0.9653391,
          -1.660073e-09,
          0.26099887,
          0,
          -0.07321833,
          0.9598449,
          0.2708078,
          0,
          -0.25051844,
          -0.28053126,
          0.9265758,
          0,
          -0.16055608,
          0.048436075,
          0.5066674,
          1
        ]
      },
      {
        "date" : 756957351.377099,
        "title" : "Untitled",
        "transform" : [
          0.9653391,
          -1.660073e-09,
          0.26099887,
          0,
          -0.07321833,
          0.9598449,
          0.2708078,
          0,
          -0.25051844,
          -0.28053126,
          0.9265758,
          0,
          -0.13630623,
          0.07161996,
          0.520243,
          1
        ]
      },
      {
        "date" : 756957310.373425,
        "title" : "Untitled",
        "transform" : [
          0.9653391,
          -1.660073e-09,
          0.26099887,
          0,
          -0.07321833,
          0.9598449,
          0.2708078,
          0,
          -0.25051847,
          -0.2805313,
          0.9265759,
          0,
          -0.06187966,
          0.10955487,
          0.551851,
          1
        ]
      },
      {
        "date" : 756957307.14704,
        "title" : "Untitled",
        "transform" : [
          0.9869221,
          1.140375e-09,
          -0.16119823,
          0,
          -0.09205374,
          0.8209088,
          -0.56359106,
          0,
          0.13232902,
          0.57105935,
          0.81017303,
          0,
          0.12498958,
          0.49602634,
          0.2422939,
          1
        ]
      }
    ]
  },
  "sceneViewportBackgroundColors" : {

  },
  "selectedSceneRelativePath" : "Scene.usda"
}