{
  "advancedEditorSelectedIdentifier" : "ProjectBrowser",
  "openSceneRelativePaths" : [
    "Scene.usda"
  ],
  "recentIdentifiers" : {
    "26DBAE76-5DD8-47B6-A085-1B4ADA111097" : [

    ]
  },
  "sceneCameraHistory" : {
    "26DBAE76-5DD8-47B6-A085-1B4ADA111097" : [
      {
        "date" : 757017717.102413,
        "title" : "Untitled",
        "transform" : [
          0.9781416,
          3.2014114e-09,
          -0.20794018,
          0,
          -0.11862894,
          0.82130075,
          -0.5580254,
          0,
          0.17078142,
          0.5704956,
          0.8033484,
          0,
          0.014370615,
          0.06228256,
          0.10592348,
          1
        ]
      },
      {
        "date" : 757017536.683924,
        "title" : "Untitled",
        "transform" : [
          0.9974002,
          -7.1000983e-10,
          -0.0720618,
          0,
          -0.022846617,
          0.9484115,
          -0.31621775,
          0,
          0.06834423,
          0.31704202,
          0.94594586,
          0,
          0.0005828233,
          0.03006069,
          0.118655846,
          1
        ]
      },
      {
        "date" : 757017471.128349,
        "title" : "Untitled",
        "transform" : [
          0.9997153,
          1.2267258e-10,
          -0.023861555,
          0,
          0.0028847777,
          0.9926651,
          0.12086205,
          0,
          0.023686524,
          -0.12089649,
          0.9923825,
          0,
          -0.0007147975,
          0.0135110915,
          0.12853011,
          1
        ]
      },
      {
        "date" : 757017429.590683,
        "title" : "Untitled",
        "transform" : [
          0.9997153,
          1.2267258e-10,
          -0.023861555,
          0,
          0.0028847777,
          0.9926651,
          0.12086205,
          0,
          0.023686524,
          -0.12089649,
          0.9923825,
          0,
          -0.0044482686,
          0.036145862,
          0.13137674,
          1
        ]
      },
      {
        "date" : 757017424.775704,
        "title" : "Untitled",
        "transform" : [
          0.99475634,
          -1.491085e-12,
          -0.10227305,
          0,
          0.0005696025,
          0.9999845,
          0.0055402247,
          0,
          0.10227146,
          -0.0055694287,
          0.99474096,
          0,
          0.005366965,
          0.051046375,
          0.12633511,
          1
        ]
      },
      {
        "date" : 757017422.334851,
        "title" : "Untitled",
        "transform" : [
          0.99475634,
          -1.491085e-12,
          -0.10227305,
          0,
          0.0005696025,
          0.9999845,
          0.0055402247,
          0,
          0.10227146,
          -0.0055694287,
          0.99474096,
          0,
          0.005062598,
          0.06842117,
          0.12646367,
          1
        ]
      },
      {
        "date" : 757017419.674125,
        "title" : "Untitled",
        "transform" : [
          1,
          0,
          0,
          0,
          0,
          1,
          0,
          0,
          0,
          0,
          1,
          0,
          -0.007897774,
          0.06912363,
          0.12593696,
          1
        ]
      },
      {
        "date" : 757017410.840451,
        "title" : "Untitled",
        "transform" : [
          0.88813233,
          1.5613215e-09,
          -0.45958772,
          0,
          0.3506817,
          0.6463568,
          0.6776764,
          0,
          0.2970577,
          -0.76303536,
          0.5740504,
          0,
          -0.1744101,
          2.0495865,
          13.250254,
          1
        ]
      },
      {
        "date" : 757017364.374818,
        "title" : "Untitled",
        "transform" : [
          0.99890447,
          -7.9261686e-10,
          0.046794627,
          0,
          0.010030421,
          0.9767569,
          -0.21411522,
          0,
          -0.04570698,
          0.2143501,
          0.97568685,
          0,
          0.8912916,
          2.940877,
          -0.4785366,
          1
        ]
      },
      {
        "date" : 757017288.106947,
        "title" : "Untitled",
        "transform" : [
          0.99890447,
          -7.9261686e-10,
          0.046794627,
          0,
          0.010030422,
          0.976757,
          -0.21411525,
          0,
          -0.04570698,
          0.2143501,
          0.97568685,
          0,
          0.007129706,
          0.06610006,
          0.11160785,
          1
        ]
      }
    ]
  },
  "sceneViewportBackgroundColors" : {

  },
  "selectedSceneRelativePath" : "Scene.usda"
}